20069
20087
20107
20292
20667
20674
20744
20891
20982
21432
21802
21824
21908
21921
21931
21946
21982
22003
22019
22028
22095
22113
22140
22165
22217
22235
22292
22324
22355
22408
22422
22438
22520
22550
22583
22602
22641
22768
22802
22820
22837
22845
22887
22892
23022
23032
23074
23205
23219
23242
23256
23274
23324
23330
23345
23383
23405
23412
23418
23527
23552
23631
23662
23678
23711
23724
23734
23804
23867
23884
23891
23914
23921
23933
23946
23955
23986
24125
24136
24143
24266
24329
24343
24382
24507
24606
24641
24661
24679
24688
24713
24738
24790
24802
24817
24908
24923
24944
24951
24959
24966
24967
25042
25138
25173
25206
25248
25325
25356
25400
25428
25503
25551
25563
25594
25703
25744
25913
25927
25954
25956
26063
26094
26258
26275
26477
26702
26781
26898
26976
27037
27051
27066
27199
27225
27333
27385
27459
27485
27509
27595
27612
27648
27665
27675
27730
27823
27857
27872
27947
27995
28064
28138
28144
28224
28255
28275
28367
28418
28419
28434
28440
28493
28537
28552
28573
28630
28661
28666
28698
28704
28719
28722
28748
28802
28825
28833
28900
29023
29111
29154
29231
29263
29282
29313
29328
29348
29418
29467
29539
29541
29557
29570
29580
29594
29605
29612
29698
29752
29789
29822
29858
29866
29915
29939
29974
30028
30054
30069
30089
30219
30230
30309
30328
30372
30385
30393
30433
30437
30471
30493
30504
30521
30554
30555
30612
30627
30632
30635
30636
30650
30673
30692
30695
30703
30710
30727
30745
30758
30777
30811
30815
30822
30823
30844
30859
30879
30915
30925
30935
30949
30954
30965
31004
31026
31062
31088
31102
31152
31168
31174
31253
31285
31329
31369
31371
31388
31416
31436
31439
31443
31510
31532
31538
31562
31594
31707
31770
31829
31845
31873
31895
31909
31915
31931
31959
31960
31961
31969
32014
32027
32053
32061
32071
32076
32088
32098
32099
32121
32145
32150
32165
32174
32252
32287
32363
32389
32411
32477
32509
32539
32583
32586
32618
34009
34110
34123
34139
34163
34172
34186
34202
34240
34321
34356
34391
34432
34476
34561
34579
34720
34730
34740
34861
34866
34880
34927
35007
35026
35041
35121
36034
36038
36055
36064
36096
36103
36229
36259
36307
36442
37018
37031
37054
37061
37099
37107
37123
37228
37235
37244
37461
37470
37471
37472
37663
